# Created by Octave 5.2.0, Sun Sep 13 01:46:17 2020 -03 <room@House>
# name: p
# type: scalar
2


